2.400000000000000000e+01
5.400000000000000000e+01
5.200000000000000000e+01
2.900000000000000000e+01
1.350000000000000000e+01
6.550000000000000000e+01
7.300000000000000000e+01
4.850000000000000000e+01
5.550000000000000000e+01
5.650000000000000000e+01
8.750000000000000000e+01
7.550000000000000000e+01
4.550000000000000000e+01
7.200000000000000000e+01
5.250000000000000000e+01
8.750000000000000000e+01
1.300000000000000000e+01
6.400000000000000000e+01
5.150000000000000000e+01
5.500000000000000000e+01
3.850000000000000000e+01
3.900000000000000000e+01
5.100000000000000000e+01
4.800000000000000000e+01
4.700000000000000000e+01
4.300000000000000000e+01
5.200000000000000000e+01
7.400000000000000000e+01
7.350000000000000000e+01
8.700000000000000000e+01
3.700000000000000000e+01
1.750000000000000000e+01
6.450000000000000000e+01
6.250000000000000000e+01
3.400000000000000000e+01
6.750000000000000000e+01
8.600000000000000000e+01
4.500000000000000000e+01
4.750000000000000000e+01
3.550000000000000000e+01
5.000000000000000000e+01
5.100000000000000000e+01
3.050000000000000000e+01
8.700000000000000000e+01
3.950000000000000000e+01
